0 0.080169 0.344406 0.126582 0.220280
0 0.912447 0.853147 0.158228 0.230769
0 0.898734 0.620629 0.126582 0.311189
0 0.754219 0.543706 0.132911 0.171329
0 0.838608 0.340909 0.141350 0.227273
0 0.686709 0.325175 0.124473 0.244755
0 0.473629 0.367133 0.073840 0.160839
0 0.609705 0.674825 0.126582 0.244755
0 0.497890 0.798951 0.105485 0.227273
0 0.460970 0.529720 0.154008 0.192308
0 0.414557 0.396853 0.107595 0.108392
0 0.270042 0.220280 0.118143 0.153846
0 0.268987 0.354895 0.175105 0.199301
0 0.168776 0.543706 0.139241 0.164336
