0 0.742616 0.840845 0.219409 0.318310
0 0.892405 0.160563 0.215190 0.276056
0 0.114979 0.240845 0.200422 0.312676
0 0.338608 0.316901 0.200422 0.357746
0 0.809072 0.725352 0.208861 0.549296
0 0.573840 0.554930 0.261603 0.405634
0 0.233122 0.546479 0.259494 0.416901
0 0.067511 0.808451 0.130802 0.225352
0 0.082278 0.540845 0.160338 0.383099
0 0.505274 0.815493 0.229958 0.369014
0 0.243671 0.801408 0.238397 0.397183
0 0.895570 0.440845 0.204641 0.402817
0 0.707806 0.370423 0.187764 0.374648
0 0.123418 0.090141 0.179325 0.174648
0 0.299578 0.105634 0.156118 0.205634
0 0.491561 0.184507 0.244726 0.363380
0 0.777426 0.114085 0.196203 0.222535
