1 0.093882 0.720464 0.183544 0.200422
1 0.214135 0.696203 0.137131 0.177215
1 0.507384 0.310127 0.048523 0.075949
1 0.225738 0.380802 0.059072 0.065401
1 0.569620 0.508439 0.109705 0.194093
1 0.643460 0.421941 0.092827 0.156118
1 0.715190 0.445148 0.084388 0.139241
1 0.599156 0.742616 0.316456 0.299578
1 0.752110 0.646624 0.251055 0.267932
1 0.873418 0.658228 0.223629 0.194093
1 0.353376 0.330169 0.056962 0.082278
1 0.277426 0.319620 0.065401 0.061181
1 0.395570 0.446203 0.094937 0.200422
1 0.449367 0.389241 0.054852 0.116034
1 0.295359 0.366034 0.071730 0.040084
1 0.445148 0.585443 0.097046 0.217300
1 0.503165 0.433544 0.094937 0.175105
1 0.175105 0.473629 0.118143 0.191983
1 0.125527 0.537975 0.221519 0.244726
1 0.304852 0.531646 0.162447 0.299578
