1 0.745781 0.247466 0.069620 0.059122
1 0.746835 0.323480 0.156118 0.099662
1 0.859705 0.482264 0.217300 0.295608
1 0.624473 0.514358 0.147679 0.116554
1 0.668776 0.426520 0.151899 0.126689
1 0.117089 0.826858 0.213080 0.312500
1 0.306962 0.796453 0.208861 0.288851
1 0.157173 0.551520 0.234177 0.285473
1 0.306962 0.147804 0.082278 0.096284
1 0.265823 0.291385 0.185654 0.231419
1 0.429325 0.243243 0.116034 0.094595
1 0.400844 0.323480 0.088608 0.079392
1 0.291139 0.408784 0.156118 0.097973
1 0.363924 0.554899 0.187764 0.204392
1 0.452532 0.481419 0.149789 0.307432
1 0.500000 0.788851 0.189873 0.300676
1 0.604430 0.657095 0.145570 0.233108
1 0.685654 0.722973 0.244726 0.317568
1 0.872363 0.811655 0.251055 0.373311
1 0.917722 0.547297 0.156118 0.185811
1 0.532700 0.388514 0.175105 0.222973
1 0.662447 0.289696 0.126582 0.143581
1 0.860759 0.221284 0.240506 0.415541
