1 0.284810 0.748945 0.181435 0.358650
1 0.444093 0.733122 0.132911 0.369198
1 0.125527 0.752110 0.229958 0.445148
1 0.430380 0.424051 0.122363 0.185654
1 0.362869 0.262658 0.135021 0.242616
1 0.471519 0.276371 0.103376 0.109705
1 0.506329 0.511603 0.143460 0.339662
1 0.804852 0.708861 0.175105 0.375527
1 0.612869 0.845992 0.111814 0.202532
1 0.627637 0.426160 0.141350 0.240506
1 0.098101 0.330169 0.191983 0.394515
1 0.746835 0.466245 0.118143 0.143460
1 0.336498 0.477848 0.132911 0.191983
1 0.668776 0.641350 0.181435 0.350211
1 0.781646 0.366034 0.086498 0.111814
1 0.222574 0.475738 0.124473 0.191983
1 0.148734 0.481013 0.094937 0.168776
1 0.927215 0.345992 0.145570 0.075949
1 0.893460 0.473629 0.196203 0.217300
