1 0.383966 0.065079 0.046414 0.123810
1 0.460970 0.139683 0.086498 0.139683
1 0.477848 0.323810 0.141350 0.247619
1 0.371308 0.192063 0.092827 0.123810
1 0.682489 0.301587 0.116034 0.292063
1 0.772152 0.326984 0.130802 0.355556
1 0.872363 0.687302 0.221519 0.422222
1 0.571730 0.246032 0.151899 0.441270
1 0.583333 0.573016 0.183544 0.326984
1 0.196203 0.387302 0.147679 0.400000
1 0.296414 0.223810 0.090717 0.123810
1 0.567511 0.714286 0.147679 0.260317
1 0.492616 0.733333 0.141350 0.323810
1 0.240506 0.617460 0.476793 0.765079
1 0.715190 0.658730 0.139241 0.326984
