2 0.335443 0.178571 0.139241 0.195652
2 0.293249 0.368012 0.164557 0.220497
2 0.295359 0.590062 0.194093 0.279503
2 0.491561 0.701863 0.172996 0.298137
2 0.725738 0.597826 0.147679 0.288820
2 0.540084 0.504658 0.143460 0.239130
2 0.170886 0.371118 0.105485 0.239130
2 0.657173 0.838509 0.272152 0.322981
2 0.298523 0.860248 0.191983 0.279503
2 0.110759 0.863354 0.217300 0.273292
2 0.077004 0.540373 0.149789 0.341615
2 0.823840 0.861801 0.116034 0.158385
2 0.840717 0.346273 0.145570 0.208075
2 0.899789 0.742236 0.191983 0.515528
2 0.946203 0.225155 0.107595 0.214286
2 0.804852 0.068323 0.111814 0.118012
2 0.687764 0.063665 0.097046 0.121118
2 0.047468 0.152174 0.090717 0.173913
2 0.567511 0.368012 0.164557 0.220497
2 0.090717 0.274845 0.109705 0.183230
2 0.699367 0.313665 0.116034 0.198758
2 0.550633 0.080745 0.109705 0.155280
2 0.206751 0.102484 0.109705 0.136646
