2 0.531646 0.427215 0.130802 0.221519
2 0.202532 0.707278 0.400844 0.585443
2 0.400844 0.731013 0.244726 0.537975
2 0.831224 0.781646 0.278481 0.436709
2 0.695148 0.607595 0.251055 0.455696
2 0.630802 0.786392 0.105485 0.155063
2 0.105485 0.462025 0.206751 0.335443
2 0.402954 0.371835 0.126582 0.186709
2 0.119198 0.153481 0.187764 0.300633
2 0.553797 0.178797 0.166667 0.300633
2 0.291139 0.356013 0.135021 0.218354
2 0.296414 0.185127 0.255274 0.363924
2 0.888186 0.250000 0.164557 0.253165
2 0.841772 0.447785 0.160338 0.243671
2 0.645570 0.302215 0.135021 0.161392
