2 0.103376 0.462025 0.202532 0.341772
2 0.404008 0.729430 0.251055 0.541139
2 0.824895 0.776899 0.282700 0.446203
2 0.888186 0.242089 0.172996 0.205696
2 0.677215 0.686709 0.286920 0.626582
2 0.638186 0.786392 0.082278 0.155063
2 0.208861 0.705696 0.413502 0.588608
2 0.535865 0.408228 0.130802 0.189873
2 0.300633 0.349684 0.116034 0.205696
2 0.843882 0.449367 0.160338 0.240506
2 0.550633 0.170886 0.168776 0.278481
2 0.652954 0.313291 0.132911 0.183544
2 0.297468 0.175633 0.253165 0.344937
2 0.399789 0.368671 0.124473 0.193038
